11228
299
62011
64565
17199
9330
19937
22638
19396
36851
18229
55706
20095
53104
57492
61610
46693
22443
34049
39949
50719
13193
348
2204
23835
2487
27766
61315
44803
54507
7711
45392
45606
30182
22425
30131
19857
36261
33771
18189
17104
29833
27770
5842
37738
20579
34989
22105
43975
11210
50640
48424
63024
62761
4605
31849
64929
42950
22762
27952
60156
52376
61244
20187
44235
31004
1968
25180
23360
63128
22624
12521
38229
4565
40134
5796
26954
33141
58915
56929
28759
58596
26398
57720
50096
9919
33653
24343
21999
57521
51579
10445
38981
4994
11106
1970
35847
47442
22961
62791
61561
35241
49621
9956
61289
39799
6836
6340
57899
20632
63713
135
47571
19757
62388
64714
35162
56151
65394
49711
17671
30192
50649
40090
12359
49880
43430
12058
45075
50114
26979
9448
25822
45878
56862
56230
63812
59177
27199
12671
64392
13036
22272
62108
13454
60510
37717
42825
10429
47974
12438
43280
841
19464
14104
46989
60394
29312
21155
46995
22431
10821
43814
44881
65424
29874
31988
27134
56062
40681
39943
54326
25518
2064
41655
6424
1136
36399
46404
46655
24788
16480
19358
11220
2223
36159
39286
3157
37746
38120
58594
4087
21321
35404
19714
26485
10313
43189
18339
62536
9538
29747
1434
50917
62479
3703
15677
28861
19183
59847
51151
24026
31135
8519
30094
45874
38917
3407
23337
43356
17239
9179
13893
14748
65051
62672
58541
19307
11639
47118
1457
40143
40717
54314
59077
65189
24734
26808
46776
28991
12805
59947
31959
23529
50366
28732
34522
52574
28454
28182
26658
6599
42527
7759
29296
38776
64257
14145
60058
58286
8020
16342
32394
22313
30820
40147
31702
58665
39980
46045
31526
59613
64560
6069
7009
43939
29453
59667
43921
7148
7220
34120
25313
3963
9019
22330
54836
63040
14150
34172
33276
27488
16386
10369
30762
4769
25107
21311
64747
34630
29119
11965
15430
20748
39269
41599
24085
16999
16186
61670
24708
55987
30673
33571
2613
13852
33500
5475
26619
19852
45579
1210
3543
16780
34979
44529
21188
48530
2660
23237
2618
11376
53994
62019
39043
7185
16658
36318
24274
21883
28002
50853
19828
32685
50267
23072
19467
44817
34512
1077
11563
47611
35014
46979
4870
9063
50037
55433
49519
41423
32471
44331
1371
55106
23341
47819
32478
31657
37136
31949
3890
43221
40874
25766
31802
62429
61990
59299
34107
46725
63581
62861
23705
12367
51381
19106
59206
44949
47851
59194
8145
39423
62178
37857
55187
12025
34890
49774
53207
8360
45476
40801
48663
26326
65498
37693
27888
58665
34997
23984
28234
61802
43800
62610
3564
27029
34143
17173
44352
45670
64967
10908
58566
40966
27556
57900
42271
20987
10144
11346
47961
29595
65140
16699
10805
272
15860
44104
34591
45383
46324
28061
13627
58490
62658
10627
58892
34884
46089
3326
7570
47903
47155
53499
45577
13407
53411
12381
60792
4439
30855
33026
23457
50795
46211
30972
41367
39431
58321
36806
26595
27029
64627
46015
17494
5178
6686
3721
16520
63072
19508
27542
40155
31283
8669
9065
32996
7813
57736
38909
39079
5447
33703
48061
3371
65279
9515
30901
44593
30706
32187
18788
36121
28672
5534
58404
13810
19962
12497
30093
22018
64667
11537
51745
7875
26765
273
46037
27603
1617
37074
28936
29061
27315
10069
26823
923
15069
60951
65367
53091
127
6149
59155
56714
11495
25851
14398
30016
39386
63031
57091
57241
37496
18434
60894
22025
14287
49873
64534
38196
26206
17305
36886
36108
63922
22762
21692
39844
60366
46654
27433
49290
48531
37287
152
36370
24056
40797
40345
3091
21961
6973
41411
46930
59245
36880
35063
45445
35730
42992
60930
43756
22378
30271
34193
7838
25870
6945
19683
59897
60796
61401
60729
52353
60174
17366
28702
58314
32280
4391
9612
7599
63882
34112
25559
62852
9475
11878
11896
42556
31660
34604
62593
34580
46262
17968
24041
14670
53953
43372
28797
1839
5146
8033
24011
44595
3466
32416
48073
21301
50754
2685
13801
36491
946
992
25678
2879
59900
31690
10046
50784
24430
42056
58775
28067
6509
24733
25281
65070
7550
22611
37659
39084
46080
10122
12752
32290
4641
23171
45129
31848
18278
61575
64178
22819
36783
64481
5646
22970
65138
16154
42983
9571
25065
7208
25985
26390
14082
54830
23846
46996
61229
43721
12269
5776
41553
6713
4434
11503
30507
24333
44137
33843
40274
29602
39115
4027
5319
34558
35750
50873
49399
45248
59336
35068
24366
26086
15038
14363
1171
21447
55485
24935
17520
7306
28182
20127
11931
3710
36589
2792
65028
32367
7585
19022
47757
27297
41385
2865
52759
35018
13344
52729
52414
49971
39134
59184
35475
26866
4902
30268
18251
16439
59385
7786
55589
8565
46588
42026
38266
31636
32827
56463
26057
58907
44461
64639
19775
54020
18437
50878
19357
14467
26835
36761
22710
12397
16573
45407
24048
43046
14842
14729
62405
16124
59720
6788
64998
55777
22427
36089
27706
39122
30536
64549
44833
9309
41240
34504
15630
30256
54674
59591
44083
40948
19510
23430
53166
52325
62086
27727
20966
487
48887
60223
59500
38902
52553
23048
22159
64509
49625
52024
34167
17071
56581
2099
26871
8948
59093
24719
49667
45999
57768
30884
147
36678
31152
14820
8569
40076
59863
5425
57118
34102
36455
45430
32990
1058
24063
62980
443
29224
51922
58460
52930
58546
11450
40727
34369
30383
22730
14023
37994
61539
51453
49515
22364
34275
1642
61558
19728
13379
34493
54192
18572
56277
64052
63433
33361
24408
1789
17800
43336
11850
35122
21778
42818
59509
53365
42892
15554
33797
44393
62236
46520
10950
58961
25015
61965
4167
21285
1291
41903
54870
10919
30968
44721
51541
13305
38144
57582
48897
40605
29680
64476
45613
16001
549
12117
10648
7809
42544
27850
63661
39483
40989
21096
13344
3110
2167
8976
6882
12037
15591
17661
56185
30293
19392
60381
16188
14356
3513
56889
28115
45107
1071
3938
52443
53879
26219
4403
61118
63443
40984
4601
6716
42873
43619
15582
3778
49003
24244
21685
47597
52075
6442
21548
56767
26831
41303
47473
34324
43451
29717
115
19593
51001
49432
11408
3316
24400
64941
17038
59272
34688
2638
15617
27069
13463
65216
33101
61761
45876
40543
47414
58951
193
53312
26138
10516
57170
50092
40480
64397
8200
25695
25335
